1 111.32 23.3878 1 477.785 229.242 1 675.935 341.741 1 819.694 490.023 1 882.094 532.057 0 0 0 1 691.002 447.593
1 111.32 23.3878 1 477.785 229.242 1 675.935 341.741 1 819.694 490.023 1 882.094 532.057 0 0 0 1 691.002 447.593
1 111.492 23.1972 1 477.839 229.273 1 675.935 341.737 1 819.577 490.191 1 882.078 532.097 0 0 0 1 691.004 447.594
1 111.399 23.132 1 477.785 229.241 1 675.95 341.793 1 819.54 490.206 1 882.093 531.952 1 634.305 431.795 1 691.021 447.539
1 111.311 23.3866 1 477.752 229.357 1 675.831 341.642 1 819.513 490.212 1 882.096 532.051 0 0 0 1 691.064 447.44
1 111.368 23.1798 1 477.783 229.244 1 675.936 341.736 1 819.711 490.013 1 882.062 532.028 0 0 0 1 691.169 447.519
1 111.342 23.3315 1 477.764 229.282 1 675.936 341.738 1 819.512 490.21 1 882.005 532.022 0 0 0 1 690.968 447.579
1 111.377 23.2938 1 477.774 229.238 1 675.936 341.74 1 819.573 489.991 1 881.945 532.01 0 0 0 1 691.003 447.593
1 111.393 23.2614 1 477.757 229.228 1 675.935 341.735 1 819.612 490.129 1 882.066 531.927 0 0 0 1 691.021 447.716
1 111.403 23.1908 1 477.781 229.24 1 675.937 341.733 1 819.597 490.085 1 882.066 531.924 0 0 0 1 691.102 447.63
1 111.435 23.1741 1 477.757 229.175 1 675.912 341.765 1 819.417 490.136 1 882.08 531.887 0 0 0 1 691.013 447.588
1 111.532 23.1535 1 477.752 229.187 1 675.946 341.791 1 819.546 489.973 1 881.888 532.012 1 634.308 431.745 1 691.122 447.523
1 111.291 23.3743 1 478.051 229.19 1 676.306 341.525 1 819.782 490.263 1 882.27 532.046 0 0 0 1 691.326 447.533
1 111.266 23.4257 1 478.149 229.321 1 676.448 341.78 1 820.173 490.253 1 882.446 532.129 0 0 0 1 691.946 447.537
1 111.112 23.3632 1 478.545 229.119 1 677.413 341.739 1 821.552 490.332 1 883.831 532.286 1 636.661 431.829 1 693.284 447.413
1 110.802 23.7008 1 478.84 228.903 1 678.262 341.348 1 822.451 489.58 1 885.17 531.715 0 0 0 1 694.231 447.363
1 110.382 24.8839 1 479.806 228.018 1 680.464 339.633 1 825.734 487.519 1 888.379 529.388 0 0 0 1 697.47 445.489
1 110.006 25.8559 1 480.598 227.3 1 682.076 338.148 1 828.002 485.404 1 890.699 527.258 1 642.974 428.419 1 699.792 443.736
1 109.299 28.8298 1 482.608 224.997 1 686.061 333.173 0 0 0 1 896.444 521.08 0 0 0 0 0 0
1 109.015 30.7646 1 483.989 223.67 1 688.405 330.249 1 837.006 475.453 1 900.09 517.135 0 0 0 0 0 0
1 108.287 34.8652 1 486.547 220.286 1 693.552 322.631 1 843.99 466.48 0 0 0 1 659.867 410.816 0 0 0
1 107.922 37.5439 1 488.233 218.369 1 696.312 318.868 1 848.036 461.256 1 911.263 502.75 1 663.677 405.783 1 719.936 420.385
1 107.497 42.6525 1 491.417 214.446 1 702.164 309.98 1 856.025 450.211 0 0 0 0 0 0 0 0 0
1 107.112 45.2476 1 492.859 212.077 1 705.041 305.157 1 860.072 444.307 1 923.354 485.841 1 676.788 388.687 0 0 0
1 106.75 50.5062 1 496.056 207.635 1 710.834 295.667 1 868.289 432.743 1 931.449 474.687 0 0 0 0 0 0
1 106.658 53.1117 1 497.598 205.525 1 713.488 291.261 1 871.95 427.034 1 935.12 469.029 0 0 0 0 0 0
1 106.417 58.2792 1 500.514 201.262 1 718.78 281.752 1 879.764 415.665 1 942.685 457.955 0 0 0 1 752.672 373.693
1 106.553 60.7747 1 501.842 199.217 1 721.384 277.404 1 883.091 410.089 1 946.303 452.874 0 0 0 0 0 0
1 106.375 65.0519 1 504.412 195.349 1 726.363 268.973 1 889.68 400.024 1 952.914 442.774 1 708.398 341.28 1 763.391 357.262
1 106.361 67.2037 1 505.683 193.46 1 728.342 265.201 1 893.258 395.365 1 956.009 438.384 0 0 0 0 0 0
1 106.638 71.164 1 507.749 190.268 1 732.67 257.937 1 899.315 386.515 1 962.107 430.115 1 717.594 327.329 1 772.866 343.027
1 106.629 72.7272 1 508.672 188.568 1 734.548 254.845 1 902.062 382.835 1 965.002 426.257 0 0 0 0 0 0
1 106.865 75.6849 1 510.483 186.238 1 738.282 249.213 1 907.142 376.29 1 970.105 420.097 1 725.954 316.148 1 781.023 332.17
1 106.859 77.1482 1 511.325 185.01 1 739.636 246.934 1 909.629 373.563 1 972.603 417.207 1 728.501 313.46 1 783.257 329.195
1 106.937 79.1958 1 512.556 182.921 1 742.595 243.036 1 913.783 369.102 1 977.47 412.683 1 733.09 308.288 1 787.886 324.531
1 106.942 79.9035 1 513.175 182.34 1 744.137 241.875 1 915.916 367.275 1 979.41 410.971 0 0 0 1 789.498 323.119
1 106.735 81.0882 1 513.946 181.367 1 746.407 239.716 1 919.793 364.702 1 983.385 408.618 1 738.41 305.137 1 793.453 321.401
1 106.648 81.4125 1 514.385 181.02 1 747.49 239.112 1 921.295 364.232 1 985.396 407.936 1 740.559 304.799 1 795.054 320.33
1 106.642 81.7052 1 515.121 180.731 1 749.545 238.905 1 924.507 364.091 1 988.632 407.516 1 743.867 305.349 1 798.418 320.896
1 106.298 81.6541 1 515.414 180.897 1 750.381 239.413 1 926.167 364.241 1 990.046 407.723 0 0 0 1 799.624 321.597
1 105.789 81.1364 1 515.782 181.543 1 752.2 240.776 1 928.763 365.971 1 993.153 409.33 1 747.454 309.278 1 801.846 324.371
1 105.391 80.5781 1 515.78 181.849 1 752.545 241.726 1 929.906 367.298 1 994.571 410.386 1 748.792 311.556 1 802.765 326.208
1 105.089 79.5733 1 515.929 183.317 1 754.246 244.659 1 932.321 370.81 1 996.883 413.181 1 750.694 316.839 1 805.25 330.676
1 104.919 78.8226 1 515.984 183.855 1 754.574 246.284 1 933.37 372.463 1 997.974 415.115 0 0 0 0 0 0
1 104.31 77.2555 1 515.798 185.505 1 755.918 250.034 1 935.116 377.233 1 1000.58 419.116 0 0 0 1 807.957 339.521
1 103.873 76.3275 1 515.746 186.351 1 756.42 251.686 1 936.469 379.576 1 1001.69 421.13 0 0 0 1 808.907 342.279
1 103.329 75.071 1 516.023 187.881 1 757.902 255.486 1 938.979 384.1 1 1004.87 424.68 0 0 0 1 811.458 348.024
1 103.132 74.4637 1 515.958 188.672 1 758.607 256.785 1 940.521 385.992 1 1006.67 426.386 1 758.48 338.907 1 812.559 351.299
1 102.846 73.3912 1 516.317 189.608 1 760.625 259.627 1 943.79 389.356 1 1010.36 429.106 1 761.598 344.44 1 815.837 355.586
1 102.453 73.2447 1 516.424 190.115 1 761.709 260.679 1 945.692 390.429 1 1012.19 430.365 1 763.312 346.479 1 817.768 357.498
1 102.347 72.9601 1 517.03 190.515 1 764.379 261.793 1 950.013 391.876 1 1016.88 431.582 0 0 0 1 821.966 359.674
1 102.156 73.1341 1 517.372 190.576 1 765.786 262.159 1 952.067 392.373 1 1019.24 431.954 1 770.054 350.627 1 824.015 360.509
1 101.976 73.4089 1 518.419 190.365 1 769.034 261.894 1 956.94 393.113 1 1024.06 433.128 0 0 0 1 829.405 360.877
1 101.93 73.7738 1 519.014 190.184 1 770.54 261.252 1 959.304 393.496 1 1026.1 433.466 1 778.216 349.897 1 831.854 360.517
1 101.756 74.686 1 520.096 189.402 1 774.125 260.35 1 963.997 393.893 1 1030.27 435.925 0 0 0 1 837.568 358.183
1 101.818 75.1985 1 520.693 188.963 1 775.706 259.525 1 966.378 394.085 1 1031.88 437.438 0 0 0 1 840.581 356.249
1 101.627 76.3426 1 521.804 187.934 1 779.529 257.915 1 970.875 395.075 1 1035.02 441.343 1 795.086 337.141 1 846.96 352.112
1 101.662 76.8783 1 522.431 187.647 1 781.439 257.128 0 0 0 1 1036.1 443.417 1 798.946 333.489 1 850.237 349.931
1 101.67 78.2597 1 523.49 186.61 1 785.218 255.361 1 976.954 397.055 1 1038.18 448.763 1 806.738 325.629 1 857.039 344.406
1 101.878 78.8546 1 524.112 186.38 1 787.122 254.646 1 979.07 397.809 1 1039.07 452.031 1 810.713 321.687 1 860.348 341.782
1 101.885 79.7556 1 525.256 185.518 1 790.848 253.131 1 983.248 399.946 1 1040.57 457.991 0 0 0 1 867.509 336.821
1 101.917 80.3067 1 525.718 185.163 1 792.776 252.456 1 985.215 401.203 1 1041.43 461.231 1 823.239 309.296 1 871.125 334.15
1 102.16 81.1738 1 526.849 184.724 1 796.583 251.508 1 988.993 403.898 1 1042.87 467.871 1 831.873 301.654 0 0 0
1 102.193 81.6076 1 527.281 184.455 1 798.512 251.064 1 991.001 405.499 1 1043.8 471.204 1 836.32 298.606 0 0 0
1 102.296 82.2651 1 528.219 184.114 1 802.52 251.127 1 995.384 408.926 1 1045.89 477.697 0 0 0 1 889.607 325.348
1 102.564 82.377 1 528.597 183.978 1 804.283 251.076 1 997.62 410.929 1 1047.05 480.676 0 0 0 1 892.997 325.319
1 102.579 82.4662 1 529.294 184.032 1 808.174 251.562 1 1002.67 414.289 1 1049.94 487.452 0 0 0 0 0 0
1 102.812 82.5663 1 529.839 184.1 1 810.073 252.153 1 1005.23 416.489 1 1052 490.235 0 0 0 0 0 0
1 103.108 82.6952 1 530.248 184.518 1 813.91 253.407 1 1011.35 420.518 1 1056.56 496.125 0 0 0 0 0 0
1 103.325 82.5736 1 530.483 184.57 1 815.901 254.324 1 1014.24 422.821 1 1059.52 499.125 0 0 0 0 0 0
1 103.842 82.4719 1 530.966 185.301 1 819.726 255.987 1 1021.33 427.212 1 1065.85 504.55 0 0 0 0 0 0
1 104.174 82.3159 1 530.984 185.517 1 821.725 257.246 0 0 0 1 1069.65 506.949 0 0 0 0 0 0
1 104.632 81.8718 1 531.321 186.391 1 825.651 259.628 0 0 0 1 1078.19 511.365 0 0 0 0 0 0
1 105.114 81.7449 1 531.39 186.607 1 827.613 261.013 1 1037.48 435.33 1 1083.12 513.047 0 0 0 0 0 0
1 105.996 81.343 1 531.393 187.392 1 831.563 263.92 0 0 0 1 1093.4 515.923 0 0 0 1 947.687 351.763
1 106.406 81.1519 1 531.573 187.934 1 833.485 265.486 1 1051.16 440.783 1 1099.16 516.713 0 0 0 0 0 0
1 107.488 80.6954 1 531.421 188.878 1 837.227 268.668 1 1061.12 444.137 1 1111.06 517.406 0 0 0 0 0 0
1 108.196 80.7339 1 531.193 189.494 1 839.175 270.141 1 1066.15 445.616 1 1117.82 516.789 0 0 0 0 0 0
1 109.48 80.273 1 530.978 190.343 1 842.698 273.021 1 1076.68 448.038 1 1130.99 514.989 0 0 0 0 0 0
1 110.312 80.2819 1 530.846 190.665 1 844.741 274.64 1 1082.02 448.948 1 1137.71 512.937 0 0 0 0 0 0
1 111.893 80.1372 1 530.276 191.329 1 848.046 277.749 1 1092.73 449.89 1 1151.76 508.166 0 0 0 0 0 0
1 112.769 80.0286 1 530.11 191.675 1 849.711 278.775 1 1098.15 450.099 1 1158.94 504.797 0 0 0 0 0 0
1 114.521 80.0237 1 529.391 192.425 1 852.635 281.357 1 1108.42 449.596 1 1172.15 497.182 0 0 0 0 0 0
1 115.543 80.1545 1 529.113 192.499 1 854.239 282.654 0 0 0 1 1178.83 493.171 0 0 0 0 0 0
1 117.499 80.3942 1 528.37 192.816 1 857.035 284.424 0 0 0 1 1191.11 484.745 0 0 0 0 0 0
1 118.786 80.4772 1 527.784 192.85 1 858.333 285.45 0 0 0 1 1196.87 480.861 0 0 0 0 0 0
1 120.659 80.9975 1 527.129 192.829 1 860.739 286.736 0 0 0 1 1207.16 473.399 0 0 0 0 0 0
1 121.614 81.2508 1 526.747 192.875 1 861.708 287.026 0 0 0 0 0 0 0 0 0 0 0 0
1 123.692 81.6174 1 525.811 192.74 1 863.703 287.952 0 0 0 0 0 0 0 0 0 0 0 0
1 124.7 81.9227 1 525.541 192.812 1 864.659 288.306 0 0 0 1 1223.73 462.163 0 0 0 0 0 0
1 126.359 82.4983 1 524.592 192.692 1 866.07 289.296 1 1157.61 445.787 0 0 0 0 0 0 0 0 0
1 127.269 82.5052 1 524.153 192.643 1 866.614 289.533 1 1160.15 447.057 0 0 0 0 0 0 0 0 0
1 128.982 82.8912 1 523.145 192.62 1 867.67 290.664 1 1164.23 449.157 1 1235.8 459.943 0 0 0 0 0 0
1 129.943 83.1936 1 522.671 192.78 1 867.891 291.215 1 1165.79 451.059 1 1236.6 462.124 0 0 0 0 0 0
1 131.149 83.1741 1 521.644 192.826 1 868.265 292.424 1 1167.98 455.382 1 1237.46 467.185 0 0 0 0 0 0
1 131.635 83.1115 1 521.24 193.153 1 868.449 293.118 1 1168.82 457.727 1 1237.42 470.967 0 0 0 0 0 0
1 133.182 83.0765 1 520.205 193.485 1 868.535 294.664 1 1169.69 463.625 1 1236.12 480.379 0 0 0 0 0 0
1 133.922 82.9273 1 519.851 193.567 1 868.416 295.776 1 1169.72 467.094 1 1235.37 484.782 0 0 0 0 0 0
1 134.962 82.5897 1 518.858 194.041 1 868.043 297.291 1 1169.74 472.811 1 1233.24 493.487 0 0 0 0 0 0
1 135.483 82.5325 1 518.182 194.418 1 867.726 298.206 1 1169.59 476.025 1 1232.29 497.486 0 0 0 0 0 0
1 135.986 82.3396 1 517.415 195.074 1 867.255 300.251 1 1169.22 480.353 0 0 0 0 0 0 0 0 0
1 136.58 82.0629 1 517.034 195.165 1 866.986 301.058 1 1169.13 482.002 0 0 0 0 0 0 0 0 0
1 137.043 81.7761 1 516.381 195.649 1 866.558 302.513 1 1169.23 484.23 1 1229.92 507.245 0 0 0 0 0 0
1 137.394 81.6645 1 516.193 195.785 1 866.179 303.345 1 1169.21 485.365 0 0 0 0 0 0 0 0 0
1 137.699 81.3844 1 515.67 196.282 1 865.762 304.623 0 0 0 1 1231.59 503.885 0 0 0 0 0 0
1 137.85 81.2965 1 515.434 196.328 1 865.497 305.05 0 0 0 0 0 0 0 0 0 0 0 0
1 137.94 81.0737 1 515.267 196.61 1 865.048 306.076 1 1170.47 483.027 1 1234.11 496.545 0 0 0 0 0 0
1 137.883 80.98 1 515.275 196.887 1 864.961 306.455 1 1170.9 482.245 0 0 0 0 0 0 0 0 0
1 137.699 80.6554 1 515.099 197.114 1 864.594 307.096 1 1171.13 479.32 1 1237.41 486.521 0 0 0 0 0 0
1 137.658 80.5422 1 515.31 197.149 1 864.478 307.219 1 1171.2 477.893 0 0 0 0 0 0 0 0 0
1 136.893 80.2149 1 515.42 197.406 1 864.192 307.475 1 1171.13 475.006 1 1239.64 477.267 0 0 0 0 0 0
1 136.594 80.1685 1 515.591 197.568 1 864.077 307.476 1 1171.07 473.148 1 1240.24 474.488 0 0 0 0 0 0
1 135.692 79.9794 1 516.09 197.588 1 863.873 307.361 1 1170.14 470.318 1 1240.72 468.858 0 0 0 0 0 0
1 135.274 79.8498 1 516.515 197.696 1 863.869 307.268 1 1169.46 469.158 1 1240.95 466.341 0 0 0 0 0 0
1 134.002 79.6427 1 517.189 197.668 1 863.755 306.863 1 1167.45 467.322 1 1239.39 465.271 0 0 0 0 0 0
1 133.494 79.5396 1 517.652 197.748 1 863.576 306.326 1 1166.27 466.726 1 1238.47 465.192 0 0 0 0 0 0
1 131.849 79.3613 1 518.429 197.785 1 863.214 305.503 1 1162.85 465.99 1 1235.43 466.658 0 0 0 0 0 0
1 131.093 79.2065 1 519.11 197.645 1 863.172 304.838 0 0 0 1 1233.78 467.852 0 0 0 0 0 0
1 129.284 78.9631 1 520.232 197.474 1 862.696 303.63 0 0 0 0 0 0 0 0 0 0 0 0
1 128.693 78.7097 1 520.608 197.465 1 862.328 302.908 1 1155.04 464.039 0 0 0 0 0 0 0 0 0
1 126.98 78.5551 1 521.659 197.445 1 861.57 301.132 1 1150.6 462.847 1 1222.57 475.092 0 0 0 0 0 0
1 125.997 78.6072 1 522.158 197.241 1 861.127 300.384 0 0 0 1 1219.37 477.083 0 0 0 0 0 0
1 123.863 78.3586 1 523.324 196.951 1 859.951 298.497 1 1142.69 460.366 1 1213.7 478.448 0 0 0 0 0 0
1 122.965 78.388 1 524.008 196.55 1 859.269 297.49 1 1139.73 459.114 1 1210.83 478.544 0 0 0 0 0 0
1 121 78.3501 1 525.109 196.365 1 858.05 295.108 0 0 0 1 1204.82 479.007 0 0 0 0 0 0
1 120.031 78.3737 1 525.733 195.949 1 857.064 293.784 0 0 0 1 1202.02 478.114 0 0 0 0 0 0
1 118.09 78.3921 1 526.584 195.463 1 855.353 291.032 0 0 0 1 1195.99 475.789 0 0 0 0 0 0
1 117.057 78.4321 1 527.137 195.244 1 854.235 289.689 0 0 0 1 1192.76 473.777 0 0 0 0 0 0
1 115.13 78.4604 1 528.034 194.341 1 851.996 286.709 1 1115.62 441.737 1 1187.1 468.912 0 0 0 0 0 0
1 114.448 78.5437 1 528.56 193.869 1 850.687 285.204 1 1112.42 438.663 1 1184.08 465.959 0 0 0 0 0 0
1 112.457 78.691 1 529.258 193.344 1 847.787 281.906 1 1105.81 431.659 1 1178.04 458.894 0 0 0 0 0 0
1 111.701 78.8367 1 529.695 192.684 1 846.08 280.349 1 1102.02 428.745 1 1174.62 455.612 0 0 0 0 0 0
1 110.12 79.2256 1 530.21 191.755 1 842.98 277.433 1 1094.62 421.73 1 1168.5 447.537 0 0 0 1 968.284 426.083
1 109.166 79.232 1 530.299 191.556 1 841.034 275.957 1 1091.05 417.701 1 1165.26 442.663 0 0 0 1 963.473 423.187
1 107.687 79.2921 1 530.62 190.554 1 837.07 272.794 1 1083.16 410.16 1 1158.05 433.906 0 0 0 1 953.862 417.185
1 106.967 79.4472 1 530.592 190.216 1 834.846 271.018 1 1078.95 406.186 1 1154.4 428.919 0 0 0 1 948.892 414.245
1 105.894 79.5958 1 530.698 189.494 1 830.306 268.487 1 1070.34 398.666 1 1146.72 419.023 0 0 0 0 0 0
1 105.396 79.7002 1 530.599 189.139 1 827.75 266.976 1 1066.16 394.757 1 1142.99 414.224 0 0 0 0 0 0
1 104.3 79.9984 1 530.308 188.388 1 822.63 264.149 1 1056.84 388.066 1 1134.14 405.127 0 0 0 0 0 0
1 103.748 79.9524 1 530.039 187.881 1 819.499 262.748 1 1051.64 384.116 1 1129.36 400.474 0 0 0 0 0 0
1 103.012 80.2266 1 529.383 187.202 1 813.755 260.097 1 1042.04 377.186 1 1119.79 391.727 0 0 0 0 0 0
1 102.885 80.3464 1 528.879 186.68 1 810.761 258.716 1 1036.61 373.773 1 1115.09 387.116 0 0 0 0 0 0
1 102.448 80.5825 1 528.188 185.727 1 804.383 255.575 1 1025.64 366.675 1 1104.42 378.347 0 0 0 0 0 0
1 102.258 80.693 1 527.464 185.435 1 800.937 254.199 1 1019.87 363.299 1 1098.88 374.115 0 0 0 0 0 0
1 102.158 81.1661 1 526.129 184.473 1 793.937 250.921 1 1008.7 356.54 1 1087.22 366.355 0 0 0 0 0 0
1 102.174 81.2428 1 525.707 183.958 1 790.213 249.651 1 1002.4 353.438 1 1081.22 362.545 0 0 0 0 0 0
1 102.711 81.7932 1 524.129 182.829 1 782.435 246.081 1 990.135 346.95 1 1068.6 355.891 0 0 0 0 0 0
1 102.774 82.2437 1 523.323 182.405 1 778.65 244.422 1 984.008 343.828 1 1062.25 352.915 0 0 0 0 0 0
1 103.802 83.1021 1 521.463 180.887 1 770.652 240.525 1 971.233 338.144 1 1048.91 347.35 0 0 0 0 0 0
1 104.509 83.688 1 520.578 179.981 1 766.571 238.368 1 964.29 335.489 1 1041.79 345.452 0 0 0 1 826.547 356.231
1 106.108 85.1684 1 518.441 177.976 1 758.081 233.666 1 950.682 329.436 1 1027.3 341.329 0 0 0 0 0 0
1 106.815 85.8307 1 517.251 177.258 1 753.643 231.167 1 943.667 327.04 1 1020.21 339.261 0 0 0 0 0 0
1 108.825 87.6443 1 515.091 174.978 1 744.744 226.026 0 0 0 1 1004.56 336.173 0 0 0 0 0 0
1 110.284 88.5808 1 513.691 173.754 0 0 0 1 922.178 317.83 1 996.841 334.68 0 0 0 0 0 0
1 112.918 90.6477 1 510.959 171.408 0 0 0 1 907.714 311.835 1 981.378 331.139 0 0 0 0 0 0
1 114.608 91.846 1 509.832 170.052 1 726.022 214.48 1 900.633 308.683 1 973.121 329.709 0 0 0 0 0 0
1 117.596 94.3777 1 507.168 167.414 1 716.631 208.166 0 0 0 1 957.612 326.111 0 0 0 0 0 0
1 119.457 95.6965 1 505.375 165.865 1 711.788 204.943 0 0 0 1 949.295 323.845 0 0 0 0 0 0
1 123.361 98.5299 1 502.398 162.661 0 0 0 0 0 0 1 933.412 319.164 0 0 0 0 0 0
1 125.529 99.9161 1 500.335 161.474 0 0 0 0 0 0 0 0 0 0 0 0 1 721.616 270.802
1 129.411 102.889 1 497.233 158.494 1 687.416 188.515 0 0 0 1 910.826 310.292 0 0 0 1 707.874 259.873
1 131.919 104.387 1 495.569 156.759 0 0 0 1 835.802 277.248 1 903.477 306.64 0 0 0 1 700.388 254.431
1 136.01 107.506 1 491.802 153.851 1 672.962 178.998 0 0 0 1 889.29 299.572 0 0 0 1 686.979 244.525
1 138.514 108.717 1 490.475 152.61 1 668.197 175.821 0 0 0 1 882.117 296.074 0 0 0 0 0 0
1 142.842 111.354 1 486.324 149.665 0 0 0 1 802.663 258.347 1 868.641 289.469 0 0 0 0 0 0
1 145.963 112.692 1 484.745 148.598 1 653.859 168.422 0 0 0 1 861.654 286.299 0 0 0 0 0 0
1 150.597 114.961 1 480.882 146.679 1 644.035 163.396 1 782.907 249.483 1 848.33 280.643 0 0 0 0 0 0
1 152.902 115.756 1 478.345 145.602 0 0 0 1 776.898 247.321 1 841.722 278.472 1 578.037 206.926 0 0 0
1 157.57 118.002 1 475.29 143.884 0 0 0 0 0 0 1 828.294 275.103 0 0 0 0 0 0
1 159.162 118.369 1 473.358 142.907 0 0 0 0 0 0 1 821.813 274.018 0 0 0 0 0 0
1 163.884 119.637 1 469.377 142.061 0 0 0 0 0 0 1 807.729 273.454 1 545.019 190.301 0 0 0
1 166.055 119.83 1 467.125 141.767 0 0 0 1 738.637 239.168 1 801.267 273.482 0 0 0 0 0 0
1 170.723 119.95 1 463.103 141.717 0 0 0 1 725.945 239.41 0 0 0 0 0 0 0 0 0
1 172.499 120.02 1 461 141.658 0 0 0 1 719.328 240.241 1 780.772 276.311 1 520.24 181.034 1 585.564 198.475
1 176.278 119.485 1 457.029 141.945 1 590.211 154.124 1 707.6 242.229 1 767.767 279.777 1 509.059 178.048 0 0 0
1 178.175 118.955 0 0 0 0 0 0 1 701.88 243.604 1 761.965 281.8 1 503.496 177.17 0 0 0
1 181.782 117.676 1 451.083 143.935 0 0 0 1 690.682 247.053 1 749.317 286.121 1 493.076 175.661 1 558.257 197.41
1 183.281 116.937 1 449.058 143.743 0 0 0 1 685.43 248.853 1 743.709 288.236 1 488.104 175.507 1 552.989 198.342
1 186.545 115.757 0 0 0 0 0 0 1 675.934 252.714 1 733.298 292.882 1 479.241 176.106 0 0 0
1 187.652 114.805 0 0 0 0 0 0 1 671.5 254.66 1 728.483 295.272 1 475.236 176.617 0 0 0
1 190.563 112.908 0 0 0 0 0 0 1 663.441 259.045 0 0 0 1 467.352 178.413 0 0 0
1 191.616 111.978 0 0 0 0 0 0 0 0 0 1 716.183 302.193 1 463.699 178.926 0 0 0
1 193.173 110.32 0 0 0 0 0 0 1 653.927 264.802 1 709.848 306.558 0 0 0 0 0 0
1 193.811 109.436 0 0 0 0 0 0 1 651.616 266.556 1 707.096 308.302 0 0 0 1 521.093 209.383
1 194.978 107.665 0 0 0 0 0 0 1 647.088 270.437 1 702.636 312.512 0 0 0 1 517.106 212.353
1 195.51 106.889 1 435.459 152.933 0 0 0 0 0 0 1 700.944 314.509 0 0 0 0 0 0
1 196.009 105.393 1 434.179 154.566 0 0 0 1 643.271 276.056 1 698.799 317.913 0 0 0 0 0 0
1 196.043 104.737 0 0 0 0 0 0 1 642.845 277.362 1 697.829 319.968 1 447.503 194.204 1 512.86 218.31
1 195.693 103.426 1 434.08 155.951 0 0 0 1 642.491 280.459 1 697.728 322.871 0 0 0 1 513.127 220.544
1 195.108 102.693 0 0 0 0 0 0 1 643.041 281.835 1 698.02 324.502 1 447.469 197.061 0 0 0
1 195.243 102.433 1 435.197 157.118 0 0 0 1 643.791 283.188 1 698.776 325.821 1 449.712 196.635 1 514.451 222.624
1 192.964 101.112 0 0 0 0 0 0 1 646.17 285.519 1 700.856 328.747 1 453.43 196.962 1 517.581 224.452
1 192.093 100.738 1 436.275 158.088 0 0 0 1 647.782 286.711 1 702.176 330.094 1 455.416 197.358 1 519.291 225.335
1 190.134 100.256 1 438.336 158.555 0 0 0 1 652.172 288.641 1 706.617 332.42 1 460.358 198.36 1 524.039 226.636
1 189.338 99.9319 1 439.306 158.922 1 554.335 187.442 1 654.886 289.652 1 708.727 333.233 1 463.332 198.663 1 526.985 227.162
1 186.326 99.5806 0 0 0 0 0 0 1 660.919 291.198 1 714.948 335.294 1 470.629 199.33 1 533.792 227.793
1 184.287 99.4405 1 442.519 159.372 0 0 0 1 664.539 291.966 1 718.331 336.31 1 474.762 199.44 1 537.608 228.483
1 181.156 99.1773 1 445.946 159.668 0 0 0 1 672.043 293.14 1 725.893 338.062 1 483.498 200.229 1 545.974 228.851
1 179.338 99.0815 1 446.78 159.716 1 571.75 189.686 1 676.335 293.904 1 730.025 338.74 1 487.936 201.166 0 0 0
1 175.356 98.5888 0 0 0 0 0 0 1 685.541 295.097 1 739.76 340.304 1 498.101 202.799 1 559.717 231.413
1 173.287 98.3612 1 451.88 160.691 1 582.668 191.599 1 690.524 296.12 1 744.726 341.207 1 503.1 204.34 1 564.616 232.492
1 169.228 97.4735 1 455.577 161.705 0 0 0 1 701.103 298.009 0 0 0 1 512.973 208.413 1 574.815 236.078
1 167.347 97.0401 1 457.006 162.333 0 0 0 1 706.412 299.093 0 0 0 1 518.242 211.394 1 579.656 238.062
1 162.579 95.6766 1 460.912 163.344 1 602.292 197.138 0 0 0 1 774.166 344.863 0 0 0 1 590.495 244.024
1 160.41 94.7113 1 462.585 164.052 1 606.384 198.184 0 0 0 1 781.178 345.16 1 534.247 223.176 0 0 0
1 155.858 93.2603 1 466.221 165.722 1 614.846 201.874 1 736.63 305.372 1 795.321 345.857 1 544.767 234.588 0 0 0
1 153.482 92.5131 1 467.891 166.613 1 618.964 203.619 1 743.335 306.416 1 803.188 345.664 0 0 0 1 612.538 259.779
1 149.064 90.5055 1 471.622 168.397 0 0 0 1 757.389 308.225 0 0 0 0 0 0 1 624.652 270.264
1 146.566 89.7021 1 473.326 169.385 0 0 0 1 764.91 308.556 0 0 0 0 0 0 1 630.326 276.2
1 142.297 87.9377 1 476.912 171.151 1 641.296 213.241 1 779.48 308.604 0 0 0 0 0 0 1 642.749 288.478
1 139.605 86.9487 1 478.547 172.015 0 0 0 1 787.038 308.493 1 855.487 332.742 0 0 0 1 649.499 294.934
1 135.529 85.5067 1 482.158 173.473 1 655.246 218.866 1 802.223 306.882 1 873.185 324.883 0 0 0 1 663.335 307.681
1 133.453 84.824 1 483.548 174.257 0 0 0 1 809.218 306.029 0 0 0 0 0 0 0 0 0
1 129.462 83.483 1 486.906 175.693 1 668.256 224.256 1 823 303.976 1 896.73 310.4 1 620.974 339.18 1 683.853 325.972
1 127.893 83.1954 1 488.742 176.569 1 672.551 225.257 1 830.057 302.607 0 0 0 0 0 0 0 0 0
1 124.786 82.2484 1 491.903 177.529 1 680.971 228.119 1 842.343 300.588 1 917.603 297.003 1 642.46 362.872 1 704.585 341.314
1 123.395 81.7224 1 493.379 177.976 1 684.906 229.34 1 848.212 299.594 1 923.906 293.328 1 649.68 369.595 0 0 0
1 120.404 81.106 1 496.101 178.761 1 692.406 231.098 1 859.079 298.44 1 935.076 287.134 0 0 0 1 722.703 353.582
1 119.558 80.9313 1 497.289 179.208 1 696.111 232.312 1 864.239 298.417 1 940.526 285.056 1 667.734 386.208 1 728.588 356.527
1 117.067 80.3734 1 499.716 180.03 1 702.811 234.315 1 874.112 298.563 1 950.342 282.547 1 678.636 393.453 1 738.636 361.993
1 116.325 80.2891 1 500.759 180.405 1 705.772 235.071 1 878.492 299.106 1 954.565 282.765 1 683.606 396.24 1 743.347 363.873
1 114.571 79.7599 1 502.526 180.978 1 711.218 236.636 1 886.576 301.706 1 963.312 284.414 1 691.56 399.307 1 751.215 367.253
1 113.833 79.5804 1 503.521 181.36 1 714.002 237.663 1 890.143 303.4 1 966.992 286.95 1 694.787 400.057 1 754.709 368.365
1 112.246 79.1912 1 504.856 181.851 1 718.619 239.293 1 896.664 307.843 1 974.159 293.312 1 700.482 399.604 1 760.854 369.397
1 111.876 78.8936 1 505.562 182.305 1 720.501 239.946 1 899.596 310.609 1 977.296 297.471 1 702.849 399.056 1 762.738 369.745
1 110.726 78.3908 1 506.767 182.731 1 724.539 241.482 1 904.782 316.051 1 982.536 307.195 1 706.887 395.734 1 766.916 369.607
1 110.134 78.0844 1 507.326 183.139 1 726.02 242.397 1 906.813 319.673 1 984.742 312.434 1 708.896 393.557 1 768.867 369.043
1 109.568 77.5547 1 508.109 184.014 1 729.251 244.084 1 910.909 326.544 1 988.627 323.671 1 712.043 388.728 1 771.775 368.029
1 108.924 77.3686 1 508.448 184.478 1 730.495 244.824 1 912.042 329.912 1 989.598 329.613 1 713.039 386.707 0 0 0
1 108.326 76.6578 1 509.086 184.87 1 732.977 246.36 1 914.954 336.393 1 991.743 340.392 1 715.966 381.473 1 776.044 365.852
1 107.913 76.565 1 509.39 185.257 1 734.045 247.37 1 916.144 339.31 1 993.016 345.44 1 717.112 379.237 1 777.253 365.336
1 107.509 76.2195 1 510.033 185.821 1 736.285 248.706 1 918.434 344.363 1 994.179 354.621 0 0 0 0 0 0
1 107.188 76.026 1 510.198 185.847 1 737.159 249.239 1 918.789 347.25 1 995.036 358.311 0 0 0 1 780.519 363.393
1 106.883 75.5979 1 510.634 186.281 1 738.873 250.256 1 920.921 351.042 1 996.203 364.194 1 723.653 371.14 1 782.838 363.129
1 106.727 75.5376 1 510.754 186.402 1 739.648 250.52 1 921.931 351.967 1 997.32 366.695 1 724.812 370.327 1 783.825 363.151
1 106.299 75.4997 1 511.356 186.691 1 741.247 251.075 1 923.875 353.973 1 998.443 370.083 0 0 0 1 786.081 363.052
1 105.958 75.3173 1 511.366 186.67 1 741.521 251.177 1 924.703 354.964 1 999.82 371.024 0 0 0 1 787.06 363
1 105.974 75.3395 1 511.918 186.871 1 742.943 251.569 1 926.21 355.859 1 1001.29 371.999 1 729.85 370.014 1 788.977 363.042
1 105.958 75.3939 1 512.088 186.929 1 743.49 251.677 1 927.08 355.891 1 1001.51 373.034 0 0 0 1 789.74 363.026
1 105.712 75.3943 1 512.332 186.87 1 744.631 251.56 1 928.471 356.988 1 1003.15 373.897 1 732.63 368.207 1 791.329 363.031
1 105.692 75.4157 1 512.516 186.769 1 745.052 251.668 1 929.255 356.841 1 1003.35 374.927 0 0 0 1 791.99 361.931
1 105.687 75.6811 1 512.812 186.676 1 745.862 251.406 1 930.101 358.008 1 1003.84 377.763 1 734.387 365.04 1 793.192 360.9
1 105.668 75.7417 1 512.932 186.668 1 746.396 251.121 1 930.083 358.81 1 1003.58 379.744 1 735.162 363.02 1 793.603 359.999
1 105.438 76.1305 1 513.205 186.42 1 747.076 250.61 1 930.44 360.554 1 1003.17 383.614 1 736.186 358.802 1 794.511 357.193
1 105.421 76.2461 1 513.293 186.361 1 747.379 250.551 1 930.231 361.676 1 1002.83 385.58 0 0 0 1 794.744 355.876
1 105.379 76.4851 1 513.383 186.257 1 747.921 250.579 1 930.128 363.69 1 1001.54 390.77 0 0 0 1 795.524 352.688
1 105.365 76.4603 1 513.606 186.109 1 748.133 250.325 1 929.892 365.029 1 1000.72 393.691 1 738.59 348.687 1 795.669 351.211
1 105.326 76.5944 1 513.52 186.164 1 748.397 250.233 1 929.312 367.537 1 998.923 399.382 0 0 0 1 796.464 348.107
1 105.313 76.6251 1 513.59 186.187 1 748.52 250.16 1 928.91 368.877 1 998.237 401.604 1 740.256 340.715 1 796.632 346.895
1 105.32 76.6265 1 513.902 185.936 1 749.153 250.094 1 928.128 371.425 1 996.203 406.895 1 741.382 335.883 1 797.48 344.144
1 105.147 76.583 1 513.916 185.874 1 749.301 250.222 1 927.932 372.387 1 995.182 409.349 0 0 0 1 797.899 342.855
1 105.126 76.6248 1 514.104 185.96 1 749.636 250.252 1 927.341 374.411 1 994.069 413.425 1 743.03 330.393 1 798.412 341.244
1 105.099 76.5734 1 514.079 186.155 1 749.937 250.464 1 927.253 375.431 1 993.303 415.305 0 0 0 1 798.713 340.491
1 104.923 76.4628 1 514.3 186.015 1 750.635 250.605 1 927.083 377.043 1 992.417 418.563 1 744.879 326.402 1 799.656 339.484
1 105.009 76.5224 1 514.337 186.025 1 750.742 250.477 1 927.288 377.702 1 992.113 419.907 1 745.473 325.372 1 800.155 338.414
1 104.726 76.4114 1 514.423 186.32 1 751.469 251.1 1 927.778 379.088 1 992.208 422.131 1 747.182 323.781 1 801.204 338.227
1 104.803 76.4676 1 514.53 186.374 1 751.549 251.162 1 928.373 379.611 1 992.516 422.789 1 747.641 323.607 1 801.911 338.452
1 104.662 76.2181 1 514.568 186.472 1 752.541 251.693 1 929.46 380.608 1 993.318 424.185 1 749.188 323.778 1 803.254 338.566
1 104.413 76.1768 1 514.745 186.512 1 753.057 251.734 1 929.861 381.088 1 994.115 424.607 1 749.579 324.389 1 803.658 339.049
1 104.397 75.9808 1 515.076 186.871 1 753.765 252.404 1 931.19 382.17 1 995.506 425.505 1 750.961 325.429 1 805.16 340.316
1 104.335 75.8035 1 515.148 186.964 1 754.227 252.878 1 931.849 382.707 1 996.056 426.231 1 751.7 326.457 1 805.771 341.196
1 103.994 75.2515 1 515.145 187.713 1 754.993 254.469 1 933.178 384.225 1 997.586 427.262 1 752.482 329.346 1 806.715 343.37
1 103.818 74.946 1 515.182 187.967 1 755.27 255.209 1 933.548 385.296 1 998.142 428.272 1 753.454 330.817 1 807.047 345.15
1 103.346 74.1102 1 515.024 188.861 1 755.613 256.989 1 934.76 387.295 1 999.365 430.209 1 753.986 334.565 1 808.132 348.035
1 103.333 73.6559 1 514.91 189.452 1 755.802 258.389 1 935.312 388.853 1 1000.11 431.422 1 754.579 336.577 1 808.416 350.113
1 103.096 72.4279 1 514.774 190.507 1 756.441 260.843 1 936.386 391.873 1 1001.21 434.053 0 0 0 1 809.179 354.331
1 102.824 72.0559 1 514.666 191.115 1 756.639 262.233 1 936.703 393.585 1 1001.71 435.639 1 755.715 343.558 1 809.773 356.427
1 102.651 70.7472 1 514.562 192.106 1 757.143 265.2 1 937.554 397.264 1 1002.84 438.899 1 756.705 347.664 1 810.699 360.278
1 102.334 70.0938 1 514.545 192.746 1 757.259 266.444 1 937.995 399.306 1 1003.37 440.769 0 0 0 1 811.166 362.663
1 102.054 68.7531 1 514.137 194.333 1 757.838 269.748 1 938.507 403.375 1 1004.23 444.898 1 757.755 354.854 1 811.745 366.673
1 101.973 68.1556 1 514.138 194.872 1 758.073 271.134 1 938.981 405.419 1 1004.31 447.153 1 758.41 356.581 1 812.266 369.157
1 101.685 66.7963 1 513.684 196.199 1 758.585 274.018 1 939.523 409.988 1 1004.87 451.775 1 759.301 360.404 1 813.365 373.073
1 101.553 66.252 1 513.661 196.741 1 758.793 275.576 1 940.079 412.186 1 1005.06 454.398 0 0 0 1 813.568 374.899
1 101.076 65.1048 1 513.671 197.921 1 759.383 278.735 1 940.747 416.322 1 1005.42 459.343 1 761.619 365.906 1 814.859 378.71
1 101.18 64.5253 1 513.492 198.516 1 759.576 280.14 1 941.132 418.394 1 1005.77 461.644 0 0 0 0 0 0
1 100.766 63.3288 1 513.285 199.709 1 760.388 282.944 1 941.991 422.796 1 1006.45 466.8 0 0 0 1 816.684 383.684
1 100.76 62.9622 1 513.147 200.297 1 760.648 284.126 1 942.574 424.945 1 1006.5 469.408 1 764.756 371.4 1 817.351 385.261
1 100.506 61.9908 1 513.072 201.361 1 761.349 286.698 1 943.182 429.411 1 1006.8 474.59 0 0 0 1 818.883 388.419
1 100.435 61.3784 1 512.973 201.728 1 761.874 287.84 1 943.566 431.393 1 1007.24 476.689 1 767.366 375.294 1 819.698 389.716
1 100.265 60.4235 1 513.001 202.697 1 762.64 290.147 1 944.756 435.497 1 1007.81 481.888 0 0 0 1 821.337 392.393
1 100.2 60.1829 1 512.835 203.203 1 763.275 291.472 1 945.152 437.55 1 1008.05 484.371 0 0 0 1 822.087 394.122
1 100.054 59.4334 1 512.773 203.932 1 764.334 293.822 1 946.462 441.481 1 1008.89 488.542 0 0 0 1 823.969 396.553
1 99.9963 59.0232 1 512.984 204.52 1 764.539 294.697 1 947.257 443.019 1 1009.23 490.999 0 0 0 1 825.104 397.679
1 99.823 58.3697 1 512.822 205.326 1 765.728 296.964 1 948.561 446.687 1 1010.38 495.419 1 775.986 384.073 1 827.032 400.25
1 99.6975 58.0124 1 512.953 205.661 1 766.401 297.813 1 949.304 448.643 1 1010.89 497.563 1 777.63 384.945 1 828.227 401.518
1 99.8141 57.5981 1 513.001 206.381 1 767.59 299.465 1 950.948 451.974 1 1012.11 501.461 0 0 0 0 0 0
1 99.633 57.1853 1 512.971 206.654 1 768.286 300.527 1 951.69 453.814 1 1012.9 503.308 0 0 0 1 831.607 405.036
1 99.4397 56.6604 1 512.97 207.275 1 769.471 302.302 1 953.609 456.734 1 1014.27 507.166 0 0 0 1 834.126 407.227
1 99.4607 56.725 1 513.117 207.561 1 770.162 303.023 1 954.442 458.509 1 1015.19 508.861 1 785.32 391.133 1 835.348 408.337
1 99.3937 56.268 1 513.133 208.137 1 771.534 304.762 1 956.495 461.184 1 1016.63 512.513 1 787.983 393.391 0 0 0
1 99.3562 55.9645 1 513.132 208.456 1 772.01 305.763 1 957.392 463.198 1 1017.35 514.591 1 789.508 394.364 1 838.857 411.992
1 99.3491 55.1991 1 513.099 209.216 1 773.209 307.661 1 959.159 466.269 1 1018.75 518.41 0 0 0 1 841.189 414.914
1 99.4675 55.0601 1 512.958 209.584 1 773.783 308.492 1 959.897 468.363 1 1019.28 520.642 1 793.593 398.014 0 0 0
1 99.3633 54.3449 1 513.04 210.546 1 774.516 311.012 1 961.198 472.21 1 1020.19 525.034 1 795.962 400.448 1 844.481 419.298
1 99.4774 54.0431 1 512.849 211.135 1 775.273 312.234 1 962.026 474.238 1 1020.64 527.474 1 797.155 402.287 1 845.578 420.644
1 99.4868 53.3044 1 512.807 211.871 1 776.298 314.66 1 963.165 478.425 1 1021.72 532.265 1 799.657 404.953 1 847.598 424.046
1 99.5283 52.8724 1 512.565 212.365 1 776.699 315.964 1 963.957 480.612 1 1022.17 535.137 0 0 0 1 848.707 425.862
1 99.7008 52.1524 1 512.386 213.454 1 777.585 318.598 1 965.306 485.068 1 1022.76 540.172 1 803.129 409.903 1 850.69 429.08
1 99.8725 51.669 1 512.378 213.8 1 777.941 319.943 1 965.696 487.303 1 1023.05 543.051 1 804.421 411.277 1 851.506 431.06
1 99.8656 50.6489 1 511.986 214.935 1 778.639 322.832 1 966.846 492.256 1 1023.66 548.471 0 0 0 0 0 0
1 99.9227 50.3277 1 511.771 215.491 1 779.071 324.244 1 967.297 494.448 1 1023.84 551.021 1 807.783 416.835 1 854.155 437.163
1 100.088 49.3809 1 511.471 216.638 1 779.589 327.281 1 968.171 499.644 1 1024.08 557.011 0 0 0 1 856.293 440.772
1 100.214 48.9546 1 511.127 217.225 1 779.84 328.841 1 968.458 502.348 1 1024.14 560.216 0 0 0 0 0 0
1 100.427 47.9046 1 510.608 218.478 1 780.321 332.234 1 969.042 508.007 1 1024.05 566.436 1 813.01 426.15 0 0 0
1 100.504 47.3714 1 510.474 218.915 1 780.494 334.006 1 969.245 510.812 1 1024.09 569.554 1 813.585 428.384 0 0 0
1 100.704 46.2103 1 509.725 220.366 1 780.654 337.531 1 969.195 516.733 1 1023.26 576.339 0 0 0 0 0 0
1 100.931 45.6544 1 509.408 221.248 1 780.683 339.232 1 969.402 519.717 1 1022.9 580.016 0 0 0 0 0 0
1 101.248 44.393 1 508.665 222.483 1 780.857 343.134 1 969.196 526.233 1 1022.21 587.143 0 0 0 0 0 0
1 101.413 43.7396 1 508.441 223.142 1 780.863 345.089 1 969.209 529.158 1 1021.71 590.858 1 819.265 441.363 1 862.537 464.733
1 101.884 42.5538 1 507.519 224.618 1 780.836 349.056 1 968.881 535.674 1 1020.4 598.111 0 0 0 1 863.637 469.753
1 101.85 42.0803 1 507.064 225.531 1 780.715 351.031 1 968.785 539.14 1 1019.74 602.082 0 0 0 1 864.187 472.42
1 102.411 40.523 1 506.16 226.999 1 780.543 354.881 1 968.229 546.016 1 1018.22 610.019 1 822.814 453.785 0 0 0
1 102.579 40.0559 1 505.867 227.665 1 780.279 357.045 1 968.02 549.183 1 1017.57 613.7 0 0 0 1 865.462 480.389
1 103.062 38.8038 1 504.928 229.022 1 780.208 361.015 1 967.457 555.908 1 1016.03 621.325 1 825.072 460.743 0 0 0
1 103.206 38.1505 1 504.56 229.843 1 780.121 362.914 1 967.042 559.341 1 1015.1 625.3 1 825.979 463.094 1 866.84 488.671
1 103.69 36.9582 1 503.696 231.339 1 779.776 366.961 1 966.339 566.168 1 1013.43 633.038 0 0 0 0 0 0
1 104.002 36.5751 1 503.157 231.901 1 779.666 368.812 1 966.078 569.378 1 1012.71 636.657 0 0 0 1 868.089 496.166
1 104.663 35.3491 1 502.325 233.258 1 779.225 372.969 1 965.259 576.062 1 1010.81 644.57 0 0 0 0 0 0
1 104.844 35.0006 1 501.816 233.738 1 779.305 374.657 1 965.213 578.744 1 1009.97 648.448 1 830.461 477.269 0 0 0
1 105.454 33.9094 1 501.025 234.89 1 778.84 378.308 1 964.315 585.505 1 1008.17 655.713 0 0 0 0 0 0
1 105.954 33.4448 1 500.434 235.673 1 778.688 379.994 1 964.29 588.506 1 1007.07 659.58 1 832.832 483.753 1 871.023 510.697
1 106.605 32.6252 1 499.464 236.777 1 778.367 383.697 1 963.239 595.253 1 1004.96 667.334 0 0 0 1 872.598 514.885
1 106.837 32.1728 1 499.074 237.385 1 778.264 385.389 1 962.96 598.026 1 1003.86 670.941 1 835.783 489.638 1 872.937 517.632
1 107.57 31.4679 1 498.316 238.378 1 777.854 388.564 1 961.482 604.436 0 0 0 0 0 0 0 0 0
1 107.752 31.1142 1 497.962 238.835 1 777.951 389.832 1 960.45 608.006 0 0 0 0 0 0 0 0 0
1 108.596 30.3431 1 497.105 239.878 1 777.632 392.975 1 958.889 614.595 0 0 0 0 0 0 0 0 0
1 108.842 30.0654 1 496.819 240.187 1 777.258 394.289 1 957.99 617.768 0 0 0 0 0 0 1 877.826 525.99
1 109.591 29.5442 1 496.095 240.978 1 777.381 396.751 0 0 0 0 0 0 0 0 0 1 878.764 529.626
1 109.781 29.4683 1 496.17 240.976 1 777.748 397.03 1 958.618 622.53 0 0 0 0 0 0 0 0 0
1 109.817 30.0087 1 495.912 240.835 1 778.6 397.293 1 960.029 624.163 0 0 0 0 0 0 0 0 0
1 110.35 30.1246 1 496.155 241.001 1 779.154 397.444 1 960.545 625.1 0 0 0 1 851.819 497.761 1 883.632 530.837
1 110.486 29.913 1 495.836 240.953 1 779.431 398.166 1 960.93 626.836 0 0 0 0 0 0 0 0 0
1 110.518 29.9391 1 495.671 241.219 1 779.367 398.909 1 961.117 628.072 0 0 0 0 0 0 1 885.438 533.236
1 111.106 29.782 1 495.507 241.548 1 779.491 400.129 1 961.152 630.404 0 0 0 0 0 0 0 0 0
1 111.251 29.673 1 495.579 241.585 1 779.583 400.121 1 961.481 631.148 0 0 0 0 0 0 1 886.964 535.152
1 111.306 30.2006 1 495.528 241.521 1 779.948 400.36 0 0 0 0 0 0 0 0 0 0 0 0
1 111.832 29.9921 1 495.447 241.58 1 780.64 400.303 1 962.943 631.895 0 0 0 0 0 0 0 0 0
1 111.733 30.1958 1 495.321 241.8 1 780.399 400.894 1 962.813 633.428 0 0 0 0 0 0 0 0 0
1 111.822 29.8721 1 495.199 241.94 1 780.574 401.45 1 962.831 634.24 0 0 0 0 0 0 0 0 0
1 112.292 30.1401 1 495.002 241.965 1 780.644 401.892 1 962.984 634.904 0 0 0 0 0 0 1 890.278 537.794
1 112.265 30.1247 1 494.993 241.963 1 780.701 401.931 1 963.192 635.49 0 0 0 0 0 0 0 0 0
1 112.352 30.1266 1 494.951 241.989 1 780.783 401.97 1 963.576 635.687 0 0 0 0 0 0 1 891.004 538.504
1 112.337 30.0415 1 494.889 241.914 1 780.95 401.987 1 963.447 635.907 0 0 0 0 0 0 0 0 0
1 112.659 30.3318 1 494.936 242.078 1 780.913 402.516 1 963.736 636.37 0 0 0 0 0 0 1 891.453 539.074
1 112.506 30.2315 1 494.942 242.108 1 780.944 402.371 1 963.818 636.361 0 0 0 0 0 0 1 891.415 539.146
1 112.677 30.162 1 494.982 242.04 1 780.86 402.67 1 963.669 636.459 0 0 0 0 0 0 1 891.503 539.22
1 112.665 30.2905 1 494.925 242.089 1 780.912 402.591 1 963.668 636.444 0 0 0 0 0 0 1 891.554 539.14
1 112.609 30.2899 1 494.886 242.069 1 780.984 402.423 1 963.78 636.299 0 0 0 0 0 0 1 891.499 539.226
1 112.528 30.1208 1 494.967 242.02 1 780.825 402.521 1 963.715 636.388 0 0 0 0 0 0 1 891.464 539.31
1 112.613 30.2839 1 494.893 242.165 1 780.989 402.532 1 963.65 636.424 0 0 0 0 0 0 1 891.465 539.308
1 112.589 30.2794 1 494.931 242.12 1 780.908 402.551 1 963.654 636.42 0 0 0 0 0 0 1 891.466 539.311
