1.075652167201042175e-01
9.311599284410476685e-02
1.262893825769424438e-01
8.413255214691162109e-02
1.024426594376564026e-01
1.170209124684333801e-01
9.622173756361007690e-02
7.136593759059906006e-02
7.656794786453247070e-02
8.447971194982528687e-02
8.285859972238540649e-02
1.065862178802490234e-01
7.576467841863632202e-02
9.098754823207855225e-02
1.006968468427658081e-01
8.850760012865066528e-02
9.157457202672958374e-02
1.009998843073844910e-01
9.408736974000930786e-02
8.834470808506011963e-02
1.059356331825256348e-01
8.160679042339324951e-02
9.404341131448745728e-02
1.006491109728813171e-01
8.894381672143936157e-02
9.610052406787872314e-02
8.873680979013442993e-02
9.873024374246597290e-02
1.016357019543647766e-01
1.007711887359619141e-01
1.029322594404220581e-01
1.170262768864631653e-01
9.438544511795043945e-02
1.176464408636093140e-01
1.270127594470977783e-01
1.119193434715270996e-01
1.562602370977401733e-01
1.585099399089813232e-01
1.071648970246315002e-01
1.224470287561416626e-01
1.556047052145004272e-01
1.328980475664138794e-01
1.206797510385513306e-01
1.193833947181701660e-01
1.571543216705322266e-01
1.177088841795921326e-01
1.497004926204681396e-01
1.767627745866775513e-01
1.350210458040237427e-01
1.469776630401611328e-01
1.324498206377029419e-01
1.693566888570785522e-01
1.442202627658843994e-01
1.826844960451126099e-01
1.221426799893379211e-01
1.702607870101928711e-01
1.446189582347869873e-01
1.495074331760406494e-01
1.652507334947586060e-01
